% cp1 =[-0.5 .125 0 1 0 0];
% cp2 =[0.5 0 0 -1 0 0];

cp1 =[-0.588 0.161 0 0 -1 0];
cp2 =[-0.588 -0.161 0 0 1 0];
cp3 =[-0.588 0 0 0 0 1];

cp4 =[0.588 0.161 0 0 -1 0];
cp5 =[0.588 -0.161 0 0 1 0];
cp6 =[0.588 0 0 0 0 1];

cp = [cp1;cp2;cp3;cp4;cp5;cp6];
% cp = [cp1;cp2;cp4;cp5];

cpin=[0 0 0 0 0 1];

% clin=[  -0.588 0 0, 0 1 0, 0 0 1, .322;
%         0.588 0 0, 0 1 0, 0 0 1, .322];
    
cpln=[0 0 0, 0 0 -1, 2];
cpln_prop=[0.625 0 0, 0, 0 0 0, 0];

grp_members=[1 2 3];
grp_rev_type=[3]; 
grp_srch_spc=[0 0 0 ,0 0 1 ,45];

