

cp1 =[.590 .155 0 -0.5012 0.8654  0];
cp2 =[.429 .433 0 0.5012 -0.8654 0];
cp3 =[.509 .294 0 0 0 1];  

cp4 =[-.590 .155 0  0.5012 0.8654  0];
cp5 =[-.429 .433 0 -0.5012 -0.8654 0];           
cp6 =[-.509 .294 0 0  0 1];

cp7=[-0.161 -.588 0 1 0 0 ];
cp8=[0.161 -.588 0 -1 0 0 ];
cp9=[0 -.588 0 0 0 1];

cp = [cp1;cp2;cp3;cp4;cp5;cp6;cp7;cp8;cp9];

cpin=[0 0 0 0 0 1];
    
cpln=[0 0 0, 0 0 -1, 2];
cpln_prop=[.625 0 0, 0, 0 0 0, 0];

grp_members=[3 1 2;
                6 4 5];
grp_rev_type=[3;3]; 
grp_srch_spc=[  0 0 0 ,0 0 1 ,45;
                0 0 0 ,0 0 1 ,45];

        
