cp1 =[9.375 18 0.377 0 0 -1];
cp2 =[10.299 2.5 0.125 0 0 -1];
cp3 =[2.375 18 4.045 0 0 -1];
cp4 =[2.375 0 4.045 0 0 -1];
cp5 =[7.5 0 2.125 0 0 -1];
cp6=[8.625 9 1.744 0 0 1];
cp7=[8.625 9 1.744 0 0 -1];
cp8=[0.322 9 4.25 1 0 0];
cp9=[0.322 9 4.25 -1 0 0];
cpin1=[8.625 9 1.744 0 0 1];
cpin2=[0.322 9 4.25 1 0 0];
clin1=[7.125 18 3.2 -3.093 0 3.441 0.7437    0    0.6685 8.941];
clin2=[7.125 0 3.2 -3.093 0 3.441   0.7437    0    0.6685 8.941];
clin3=[1.551 18 4.754 2 0 0.431 -0.2107         0    0.9776 3];
clin4=[1.551 0 4.754 2 0 0.431 -0.2107         0    0.9776 3];
clin5=[0 9 4.42 0 1 0 0 0 1 11.5];
clin6=[11 9 0 0 1 0 0 0 1 18];

cp = [cp1;cp2;cp3;cp4;cp5;cp6;cp7;cp8;cp9];
cpin=[cpin1;cpin2];
clin=[clin1;clin2;clin3;clin4;clin5;clin6];

% 2 screw orientation search
% grp_members=[8 9 10 ;6 7 11];      
% grp_rev_type=[5;5]; 
% grp_srch_spc=[  0 1 0 ,90;
%     0 1 0 ,90];   

% Pin line search (2 pins)
% grp_members=[10 11];      
% grp_rev_type=[2]; 
% grp_srch_spc=[  8.625 9 1.744 ,0	1	0, 4];    
                

% grp_members=[6 7 16;
%             8 9 17];      
% grp_rev_type=[2;2]; 
% grp_srch_spc=[  0.322 9 4.25 ,0	1	0, 4.5;    
%                 0.322 9 4.25, 0	1	0, 4.5];
            
% grp_members=[10 11 14;
%             12 13 15];      
% grp_rev_type=[2;2]; 
% grp_srch_spc=[  8.625 9 1.744 ,0	1	0, 4;    
%                 8.625 9 1.744, 0	1	0, 4];

% cpln=[5.5 9 3 0 0 1, 1];
% cpln_prop=[1 0 0 11 0 1 0 18];

% grp_members=[14 15 16 17];
% grp_rev_type=[7]; 
% grp_srch_spc=[0 1 0 , 45 0 0 , 0, 0 0 0, 0];

% grp_members=[3 4 1 5 ];         
% grp_rev_type=[5]; 
% grp_srch_spc=[0 1   0 ,45 ];

% grp_members=[1 5;
%             3 4;
%             2 0 ];       
% grp_rev_type=[2;2]; 
% grp_srch_spc=[  6.6775	18	2.5295,7.169	0	-5.059, 3;    
%                 1.4885	18	4.751, -2.977	0	-0.622, 1.5;
%                 11	2	0, 0 1 0, 1.5];

% grp_members=[1 5;
%             3 4];      
% grp_rev_type=[2;2]; 
% grp_srch_spc=[  6.6775	18	2.5295,7.169	0	-5.059, 3;    
%                 1.4885	18	4.751, -2.977	0	-0.622, 1.5];



